
## <font color=Blue>***YGQS at your service***</font>

- 所有资源在百度网盘存储(Baidu Netdisk)，均可下载以及在线播放


### **有哪些资源**

- KR区 : AF/SOOP 100+ 主播直播录像 [点击查看KR主播名单](https://github.com/YGQSmaster-03/ygqs-01/blob/main/KR_ID.md)
	-	Attention：24年12月份的资源有 3937.9GB 15000+ 视频文件，请保证自己有充足的百度网盘空间，<strong>拿不走的就是吃亏</strong>
	
	- 最新一个月19.9 RMB（若当前时间是2024-09-28，最新月份为2024-08）
	- 25年1月至最新月的资源 根据最新月份实时调整
	- 24年全年资源60000GB+，一次50.24 RMB
	- 23年全年资源60000GB+，一次50.23 RMB
	- 22年全年资源60000GB+，一次50.22 RMB
	- 21年全年资源60000GB+，一次50.21 RMB
	- 22年+23年资源打包，一次68.88 RMB



 - CH区 : 抖音/虎牙/斗鱼 200+ 主播直播录像 [点击查看CH主播名单](https://github.com/YGQSmaster-03/ygqs-01/blob/main/CH_ID.md)
	- 25年1月至最新月的资源 根据最新月份实时调整（若当前时间是2024-09-28，最新月份为2024-08）
	- 24年全年资源120000GB+，一次36.24 RMB
	- 23年全年资源108000GB+，一次36.23 RMB
	- 22年全年资源70404GB+，一次36.22 RMB
	- 21年全年资源85235GB+，一次36.21 RMB

### **付费规则**

- 只有单次付费，无包年/无包月，无惧跑路，信息安全无收集
- 国内资源不挂梯子，有百度网盘会员的不限速（百度网盘会员可淘宝按天）


- <font color=red>**支付支持 微信/支付宝**</font>
- <table><tr><td bgcolor=#FF1493>付款后***请备注邮箱 + 所需资源***，资源以邮件方式送达</td></tr></table> 
- 例如：需要 KR区2024年12月份的资源：
	- 在付款时 备注上 ***youremail@address.com KR202412*** 
	- 付款时忘记备注了，把付款截图 + 所需要的资源 发送至 merhuge@gmail.com 
- 百度网盘分享链接有过期时间，过期时间在2小时之内的，3天内可回复邮件可再获取一次。

###怎么选择月份

- 一月份  37203
-
CH
2024年1月-2024年10月 95000G
2022年11月-2023年12月 108000G
2022年7月-2022年10月 23201G   
2022年1月-2022年6月 37203G 
2021年3月-2021年12月 65235G
2020年7月-2021年2月 44252G
2019年10月-2020年6月 23776G


KR
2019年10月-2020年6月
2020年7月-2021年2月
2021年3月-2021年12月
2022年1月-2022年6月
2022年7月-2022年10月
2022年11月-2023年12月
2024年1月-2024年10月



22，23年打包，68.88

买🇰🇷AF 资源送同等日期的🇨🇳虎牙斗鱼抖音资源

客服联系方式：merhuge@gmail.com
